# Bottom half
sector bm 0 16 (-50,-110) (50,-110) (50,-80) (40,-70) (-40,-70) (-50,-80)
sector bl 0 16 (-70,-110) (-70,-80) (-80,-70) (-110,-70) (-110,-100) (-100,-110)
sector br 0 16 (70,-110) (70,-80) (80,-70) (110,-70) (110,-100) (100,-110)

sector bml 0 16 (-50,-110) (-50,-80) (-70,-80) (-70,-110)
sector bmr 0 16 (50,-110) (50,-80) (70,-80) (70,-110)
sector bmu 0 16 (-40,-70) (40,-70) (40,-50) (10,-50) (-10,-50) (-40,-50)
sector blu 0 16 (-80,-70) (-110,-70) (-110,-50) (-80,-50)
sector bru 0 16 (80,-70) (110,-70) (110,-50) (80,-50)

bound2 bm bml (-50,-110) (-50,-80)
bound2 bm bmr (50,-110) (50,-80)
bound2 bm bmu (40,-70) (-40,-70)

bound2 bl bml (-70,-80) (-70,-110)
bound2 br bmr (70,-80) (70,-110)
bound2 bl blu (-80,-70) (-110,-70)
bound2 br bru (80,-70) (110,-70)

# Top half
sector tm 0 16 (-50,110) (50,110) (50,80) (40,70) (-40,70) (-50,80)
sector tl 0 16 (-70,110) (-70,80) (-80,70) (-110,70) (-110,100) (-100,110)
sector tr 0 16 (70,110) (70,80) (80,70) (110,70) (110,100) (100,110)

sector tml 0 16 (-50,110) (-50,80) (-70,80) (-70,110)
sector tmr 0 16 (50,110) (50,80) (70,80) (70,110)
sector tmu 0 16 (-40,70) (40,70) (40,50) (10,50) (-10,50) (-40,50)
sector tlu 0 16 (-80,70) (-110,70) (-110,50) (-80,50)
sector tru 0 16 (80,70) (110,70) (110,50) (80,50)

bound2 tm tml (-50,110) (-50,80)
bound2 tm tmr (50,110) (50,80)
bound2 tm tmu (40,70) (-40,70)

bound2 tl tml (-70,80) (-70,110)
bound2 tr tmr (70,80) (70,110)
bound2 tl tlu (-80,70) (-110,70)
bound2 tr tru (80,70) (110,70)

# Left half
sector lm 0 16 (-110,50) (-80,50) (-70,40) (-70,-40) (-80,-50) (-110,-50)
sector lmu 0 16 (-70,40) (-70,-40) (-50,-40) (-50,-10) (-50,10) (-50,40)

bound2 lm lmu (-70,40) (-70,-40)
bound2 lm blu (-80,-50) (-110,-50)
bound2 lm tlu (-80,50) (-110,50)

# Right half
sector rm 0 16 (110,50) (80,50) (70,40) (70,-40) (80,-50) (110,-50)
sector rmu 0 16 (70,40) (70,-40) (50,-40) (50,-10) (50,10) (50,40)

bound2 rm rmu (70,40) (70,-40)
bound2 rm bru (80,-50) (110,-50)
bound2 rm tru (80,50) (110,50)

# Center
sector cb 0 16 (-10,-20) (10,-20) (10,-50) (-10,-50)
sector cbl 0 16 (-10,-20) (-10,-50) (-40,-50) (-50,-40) (-50,-10) (-20,-10)
sector cbr 0 16 (10,-20) (10,-50) (40,-50) (50,-40) (50,-10) (20,-10)

sector ct 0 16 (-10,20) (10,20) (10,50) (-10,50)
sector ctl 0 16 (-10,20) (-10,50) (-40,50) (-50,40) (-50,10) (-20,10)
sector ctr 0 16 (10,20) (10,50) (40,50) (50,40) (50,10) (20,10)

sector cl 0 16 (-50,-10) (-20,-10) (-20,10) (-50,10)
sector cr 0 16 (50,-10) (20,-10) (20,10) (50,10)

bound2 cb cbl (-10,-20) (-10,-50)
bound2 cb cbr (10,-20) (10,-50)

bound2 ct ctl (-10,20) (-10,50)
bound2 ct ctr (10,20) (10,50)

bound2 cl cbl (-50,-10) (-20,-10)
bound2 cl ctl (-50,10) (-20,10)
bound2 cr cbr (50,-10) (20,-10)
bound2 cr ctr (50,10) (20,10)

# Center - Bottom
bound2 bmu cb (10,-50) (-10,-50)
bound2 bmu cbl (-10,-50) (-40,-50)
bound2 bmu cbr (40,-50) (10,-50)

# Center - Top
bound2 tmu ct (10,50) (-10,50)
bound2 tmu ctl (-10,50) (-40,50)
bound2 tmu ctr (40,50) (10,50)

# Center - Left
bound2 lmu cl (-50,-10) (-50,10)
bound2 lmu ctl (-50,10) (-50,40)
bound2 lmu cbl (-50,-40) (-50,-10)

# Center - Right
bound2 rmu cr (50,-10) (50,10)
bound2 rmu ctr (50,10) (50,40)
bound2 rmu cbr (50,-40) (50,-10)

player bm (-40,-100) 0