sector a 0 8 (0,0) (0,20) (20,20) (20,0)
sector b 0 8 (20,0) (20,20) (40,20) (40,0)
sector c 0 8 (40,0) (40,20) (60,20) (60,0)
sector d 0 8 (40,20) (40,40) (60,40) (60,20)
sector e 0 8 (40,40) (40,60) (60,60) (60,40)
sector f 0 8 (20,40) (20,60) (40,60) (40,40)
sector g 0 8 (0,40) (0,60) (20,60) (20,40)
sector h 0 8 (0,20) (0,40) (20,40) (20,20)

sector room 0 8 (40,60) (20,60) (0,80) (0,100) (20,120) (40,120) (60,100) (60,80)

bound2 a b (20,0) (20,20)
bound2 b c (40,0) (40,20)
bound2 c d (40,20) (60,20)
bound2 d e (40,40) (60,40)
bound2 e f (40,60) (40,40)
bound2 f g (20,40) (20,60)
bound2 g h (0,40) (20,40)
bound2 h a (0,20) (20,20)

bound2 f room (40,60) (20,60)

player a (10,10) 0
